DataInput/cluster_targets_tic.ecsv
# %ECSV 0.9
# ---
# datatype:
# - {name: RAJ2000, unit: deg, datatype: float64}
# - {name: DecJ2000, unit: deg, datatype: float64}
# - {name: pmRA, datatype: float64}
# - {name: pmDec, datatype: float64}
# - {name: R, datatype: float64}
# - {name: G, datatype: float64}
# - {name: J, datatype: float64}
# - {name: H, datatype: float64}
# - {name: K, datatype: float64}
# - {name: TIC ID, datatype: string}
# - {name: G Group, datatype: int64}
# - {name: Tmag, datatype: float64}
# - {name: dstArcSec, datatype: float64}
# - {name: TWOMASS, datatype: string}
# - {name: GAIA, datatype: string}
# - {name: POSflag, datatype: string}
# - {name: Teff, datatype: float64}
# - {name: e_Teff, datatype: float64}
# - {name: logg, datatype: float64}
# - {name: e_logg, datatype: float64}
# - {name: rad, datatype: float64}
# - {name: e_rad, datatype: float64}
# - {name: mass, datatype: float64}
# - {name: e_mass, datatype: float64}
# - {name: rho, datatype: float64}
# - {name: e_rho, datatype: float64}
# - {name: lumclass, datatype: string}
# - {name: lum, datatype: float64}
# - {name: e_lum, datatype: float64}
# - {name: d, datatype: float64}
# - {name: e_d, datatype: float64}
# - {name: ebv, datatype: float64}
# - {name: e_ebv, datatype: float64}
# meta: !!omap
# - comments: ['The following lines beginning with # are comments. Readable columns names and datatypes are provided as informational
#       comment lines in addition to the database column names.', If you want to re-upload this table import it as a Generic Table with
#       these header lines unmodified., 'RAJ2000, DecJ2000, pmRA, pmDec, R, G, J, H, K, MatchID, TESS Mag., dstArcSec, 2MASS ID, GAIA
#       ID, Source of Position, T_eff, T_eff Err., log(g), log(g) Err., Stellar Radius, Stellar Radius Err., Stellar Mass, Stellar Mass
#       Err., Stellar Density, Stellar Density Err., Luminosity Class from RPM, Stellar Luminosity, Stellar Luminosity Err., Distance,
#       Distance Err., E(B-V), E(B-V) Err.', '@ra, dec, float, float, float, float, float, float, float, string, float, float, string,
#       string, string, float, float, float, float, float, float, float, float, float, float, string, float, float, float, float, float,
#       float']
# - __serialized_columns__:
#     DecJ2000:
#       __class__: astropy.units.quantity.Quantity
#       unit: &id001 !astropy.units.Unit {unit: deg}
#       value: !astropy.table.SerializedColumn {name: DecJ2000}
#     RAJ2000:
#       __class__: astropy.units.quantity.Quantity
#       unit: *id001
#       value: !astropy.table.SerializedColumn {name: RAJ2000}
# schema: astropy-2.0
RAJ2000 DecJ2000 pmRA pmDec R G J H K "TIC ID" "G Group" Tmag dstArcSec TWOMASS GAIA POSflag Teff e_Teff logg e_logg rad e_rad mass e_mass rho e_rho lumclass lum e_lum d e_d ebv e_ebv
[from data line 102]
130.067046666667 -53.4298945833333 -24.206 23.407 17.29 17.162 13.877 13.265 12.955 93550659 17 15.7017 0.000401107095706974 08401609-5325476 5318111557701045248 tmgaia2 3088.0 157.0 4.91222 0.00223001 0.312441 0.0104262 0.290861 0.0208769 9.53633 0.26917 DWARF 0.007997236 0.00217442 156.306 2.1425 0.0776743 0.0009841945
130.778289583333 -53.2625080833333 -24.256 23.326 17.451 17.316 14.007 13.447 13.156 94105182 17 15.8651 0.000403227745995578 08430678-5315450 5318480748787498112 tmgaia2 3075.0 157.0 4.93478 0.00424818 0.291888 0.0100047 0.267389 0.0209099 10.7521 0.263191 DWARF 0.0068629 0.001884723 157.836 2.812 0.0681774 0.0011275
130.067700416667 -52.9414371666667 -23.221 23.233 11.536 11.583 10.172 9.738 9.601 93549226 11 11.0269 0.000405749190206285 08401624-5256292 5318546822567826944 tmgaia2 5315.0 133.443 4.55942 0.0821571 0.834102 0.0485854 0.92 0.112184 1.58537 0.372865 DWARF 0.5002031 0.0158857 152.213 0.6015 0.0689365 0.01019004
129.60128875 -53.2512881666667 -24.65 23.089 17.049 16.894 13.533 12.962 12.64 93268933 16 15.4245 0.000408478187567502 08382430-5315047 5318160692128569472 tmgaia2 3040.0 157.0 4.88038 0.000474384 0.343472 0.011161 0.326662 0.0208518 8.06166 0.270786 DWARF 0.009077614 0.002481624 152.061 1.7425 0.0701962 0.0007442605
128.939665416667 -53.2567266666667 -24.649 23.58 12.107 12.17 10.443 9.905 9.767 92742627 12 11.4868 0.000412494502936265 08354551-5315242 5321154967220812032 tmgaia2 4667.0 201.263 4.42056 0.14275 0.877752 0.104824 0.74 0.0963373 1.09425 0.475071 DWARF 0.3292984 0.02348935 152.149 0.559 0.060709 0.01008681
130.20115875 -52.3415115555556 -24.379 22.821 16.817 16.699 13.438 12.848 12.565 93631142 16 15.2603 0.000412619241247082 08404828-5220294 5318599362909734400 tmgaia2 3107.0 157.0 4.86897 0.00156845 0.355105 0.011582 0.340105 0.0209386 7.59526 0.27522 DWARF 0.01058701 0.002848828 153.207 1.6955 0.0847693 0.0008754735
130.505615833333 -52.7450519166667 -24.352 23.412 17.172 17.001 13.605 13.028 12.712 93912903 17 15.5054 0.000420574955336241 08420134-5244422 5318575654690961152 tmgaia2 3015.0 158.0 4.89101 0.000482008 0.332866 0.0113547 0.314402 0.0211796 8.52466 0.297487 DWARF 0.00824865 0.002307868 151.137 2.525 0.0844371 0.00131629
131.362215 -52.8672510833333 -25.577 23.417 12.339 12.402 10.742 10.164 10.061 144759493 12 11.7208 0.000423003288970822 08452692-5252020 5318328676892604800 tmgaia2 4343.0 113.663 4.28859 0.0954656 0.979472 0.0779399 0.68 0.0789918 0.723658 0.206214 DWARF 0.3074949 0.0183765 149.659 0.5205 0.0802502 0.01026771
130.473229166667 -52.9654473611111 -24.698 22.897 15.859 15.81 12.793 12.173 11.931 93832597 15 14.4649 0.000424917730245726 08415356-5257556 5318502743323310848 tmgaia2 3258.0 157.0 4.78902 0.00645549 0.441592 0.0137629 0.437512 0.0207614 5.08073 0.234082 DWARF 0.01979436 0.005079104 152.262 1.579 0.07386 0.0007131875
131.352954583333 -53.0229675 -24.548 22.976 16.51 16.445 13.384 12.816 12.486 144758965 16 15.091 0.000424969682796318 08452471-5301227 5318322182901778304 tmgaia2 3218.0 157.0 4.86445 0.00101977 0.359771 0.011105 0.34549 0.0204998 7.4192 0.246464 DWARF 0.01250522 0.003231584 150.204 1.479 0.0717217 nan
130.220840416667 -52.3833568055556 -24.191 22.353 17.522 17.379 14.062 13.436 13.175 93631008 17 15.9122 0.000428104030147578 08405301-5223001 5318598980649814144 tmgaia2 3059.0 157.0 4.94326 0.00537197 0.284501 0.00969594 0.259036 0.0208221 11.2489 0.244027 DWARF 0.006385284 0.001757961 154.379 2.164 0.0858589 0.001122345
130.950385833333 -53.5491139444444 -25.911 24.025 17.419 17.284 13.958 13.412 13.056 94182756 17 15.8226 0.00043410762297311 08434809-5332567 5318273323353105536 tmgaia2 3075.0 157.0 4.93561 0.0045699 0.291155 0.00986669 0.266558 0.0208355 10.7999 0.25217 DWARF 0.006828474 0.001869854 150.275 2.258 0.0583704 0.0008162625
129.919014583333 -53.1020879166667 -24.712 24.129 17.687 17.57 14.194 13.521 13.273 93273279 17 16.0898 0.000439855978010633 08394056-5306074 5318541428084843904 tmgaia2 3108.0 159.0 4.95752 0.00636527 0.272515 0.00964386 0.245602 0.0209389 12.1356 0.251345 DWARF 0.00624309 0.001731298 153.395 2.5985 0.0651208 0.001022665
130.547098333333 -52.1731180555556 -25.185 23.149 13.739 13.767 11.144 10.533 10.303 93914694 13 12.7183 0.000444741273123711 08421130-5210232 5318608536959995648 tmgaia2 3688.0 126.944 4.27261 0.15635 0.889052 0.115138 0.54 0.0876682 0.768444 0.352488 DWARF 0.1317385 0.02004275 151.666 1.0355 0.0698312 0.010582
128.866590416667 -52.6755467777778 -23.131 22.713 16.683 16.58 13.387 12.832 12.544 92741130 16 15.1618 0.00044835282540741 08352798-5240319 5321251591111558400 tmgaia2 3135.0 157.0 4.87094 0.000956936 0.353076 0.0112282 0.337761 0.0207193 7.6737 0.260977 DWARF 0.01084879 0.002881266 150.635 1.7025 0.0945806 0.0009896446
130.696960833333 -53.15634225 -25.109 23.628 18.023 17.928 14.198 13.637 13.24 94104828 17 16.3174 0.157302726312645 08424726-5309229 5318485112475587712 tmgaia2 3153.0 165.0 4.95587 0.00425119 0.273872 0.0105902 0.247114 0.0214851 12.0297 0.347156 DWARF 0.006678606 0.001928913 nan nan nan nan
