DataInput/cluster_targets_tic.ecsv
# %ECSV 0.9
# ---
# datatype:
# - {name: RAJ2000, unit: deg, datatype: float64}
# - {name: DecJ2000, unit: deg, datatype: float64}
# - {name: pmRA, datatype: float64}
# - {name: pmDec, datatype: float64}
# - {name: R, datatype: float64}
# - {name: G, datatype: float64}
# - {name: J, datatype: float64}
# - {name: H, datatype: float64}
# - {name: K, datatype: float64}
# - {name: TIC ID, datatype: string}
# - {name: G Group, datatype: int64}
# - {name: Tmag, datatype: float64}
# - {name: dstArcSec, datatype: float64}
# - {name: TWOMASS, datatype: string}
# - {name: GAIA, datatype: string}
# - {name: POSflag, datatype: string}
# - {name: Teff, datatype: float64}
# - {name: e_Teff, datatype: float64}
# - {name: logg, datatype: float64}
# - {name: e_logg, datatype: float64}
# - {name: rad, datatype: float64}
# - {name: e_rad, datatype: float64}
# - {name: mass, datatype: float64}
# - {name: e_mass, datatype: float64}
# - {name: rho, datatype: float64}
# - {name: e_rho, datatype: float64}
# - {name: lumclass, datatype: string}
# - {name: lum, datatype: float64}
# - {name: e_lum, datatype: float64}
# - {name: d, datatype: float64}
# - {name: e_d, datatype: float64}
# - {name: ebv, datatype: float64}
# - {name: e_ebv, datatype: float64}
# meta: !!omap
# - comments: ['The following lines beginning with # are comments. Readable columns names and datatypes are provided as informational
#       comment lines in addition to the database column names.', If you want to re-upload this table import it as a Generic Table with
#       these header lines unmodified., 'RAJ2000, DecJ2000, pmRA, pmDec, R, G, J, H, K, MatchID, TESS Mag., dstArcSec, 2MASS ID, GAIA
#       ID, Source of Position, T_eff, T_eff Err., log(g), log(g) Err., Stellar Radius, Stellar Radius Err., Stellar Mass, Stellar Mass
#       Err., Stellar Density, Stellar Density Err., Luminosity Class from RPM, Stellar Luminosity, Stellar Luminosity Err., Distance,
#       Distance Err., E(B-V), E(B-V) Err.', '@ra, dec, float, float, float, float, float, float, float, string, float, float, string,
#       string, string, float, float, float, float, float, float, float, float, float, float, string, float, float, float, float, float,
#       float']
# - __serialized_columns__:
#     DecJ2000:
#       __class__: astropy.units.quantity.Quantity
#       unit: &id001 !astropy.units.Unit {unit: deg}
#       value: !astropy.table.SerializedColumn {name: DecJ2000}
#     RAJ2000:
#       __class__: astropy.units.quantity.Quantity
#       unit: *id001
#       value: !astropy.table.SerializedColumn {name: RAJ2000}
# schema: astropy-2.0
RAJ2000 DecJ2000 pmRA pmDec R G J H K "TIC ID" "G Group" Tmag dstArcSec TWOMASS GAIA POSflag Teff e_Teff logg e_logg rad e_rad mass e_mass rho e_rho lumclass lum e_lum d e_d ebv e_ebv
[from data line 51]
130.200330833333 -52.7917296388889 -24.261 23.072 14.874 14.881 12.123 11.472 11.203 93555601 14 13.6541 0.00018203815661911 08404808-5247302 5318554179853105024 tmgaia2 3431.0 157.0 4.68688 0.0099166 0.558193 0.0166368 0.552564 0.0203215 3.17709 0.167453 DWARF 0.03889971 0.009489268 151.718 0.952 0.070525 0.0004120425
130.284158333333 -52.6349041388889 -25.583 24.054 15.107 15.101 12.311 11.672 11.416 93630218 15 13.8555 0.000183348834826978 08410820-5238056 5318557581467400320 tmgaia2 3382.0 157.0 4.72144 0.00875924 0.518284 0.015432 0.515832 0.0203128 3.70514 0.185262 DWARF 0.03166101 0.007806804 150.211 0.8155 0.0679874 nan
129.223276666667 -52.8421077777778 -24.025 22.887 15.99 15.95 12.978 12.383 12.135 92747418 15 14.7638 0.00018441443920408 08365358-5250316 5321192457993772672 tmgaia2 3397.0 122.0 4.72427 nan 0.454914 nan 0.4 nan 4.24886 nan DWARF 0.02482764 nan 157.665 1.417 0.0860155 0.0007136985
129.731928333333 -52.9643545 -24.176 23.226 10.103 10.129 9.113 8.791 8.68 93268140 10 9.6757 0.000186236757693925 08385566-5257517 5318182648001349248 tmgaia2 5952.0 129.686 4.26721 0.0805859 1.27099 0.0593517 1.09 0.145004 0.530885 0.117186 DWARF 1.826545 0.07135985 152.579 0.6415 0.0706626 0.01053178
131.328459583333 -52.9904923055556 -25.144 22.56 17.075 16.966 13.762 13.207 12.878 144759078 16 15.5379 0.000187500523672694 08451883-5259257 5318325511487968384 tmgaia2 3123.0 157.0 4.90498 0.00188816 0.319293 0.0104129 0.298742 0.0207576 9.17758 0.259329 DWARF 0.008736982 0.002341734 154.939 1.937 0.0730952 0.000853475
129.35265 -52.90303675 -23.945 22.514 12.824 12.892 11.017 10.402 10.243 93012997 12 12.1169 0.000195052531427015 08372464-5254109 5321188953307253760 tmgaia2 4373.0 127.4 4.49347 0.106185 0.773661 0.0660578 0.68 0.0806936 1.46844 0.471343 DWARF 0.1972032 0.01187595 152.146 0.582 0.0755082 0.01016086
130.520546666667 -52.8983085833333 -24.443 23.365 14.825 14.828 12.046 11.391 11.144 93912428 14 13.6038 0.000197845583434692 08420492-5253539 5318503533597353856 tmgaia2 3415.0 157.0 4.67531 0.0103315 0.571676 0.0171154 0.56434 0.0203676 3.02058 0.162508 DWARF 0.04004585 0.009814677 152.976 0.996 0.0831897 0.000504508
130.7445725 -53.09836975 -25.17 22.9 15.02 14.978 12.01 11.384 11.128 94104642 14 13.6619 0.000200982125169943 08425869-5305541 5318485735252703232 tmgaia2 3277.0 157.0 4.68476 0.0100717 0.560658 0.016798 0.554741 0.0203772 3.14772 0.167528 DWARF 0.03265852 0.008262574 147.526 0.9705 0.0628612 0.0003861125
130.0761925 -53.5080010833333 -23.754 22.458 12.806 12.875 11.054 10.375 10.24 93550865 12 12.0975 0.000203218444456759 08401829-5330288 5318097916884923520 tmgaia2 4358.0 124.72 4.48841 0.104001 0.778183 0.0670352 0.68 0.0814103 1.44299 0.443428 DWARF 0.1967918 0.0119702 150.86 0.492 0.0721129 0.01003711
130.49025 -53.5191414444444 -24.913 23.806 16.539 16.463 13.358 12.75 12.49 93834269 16 15.0809 0.000207016137452983 08415765-5331090 5318282566122736256 tmgaia2 3193.0 157.0 4.86575 0.00161103 0.358423 0.0115316 0.343935 0.0208372 7.46945 0.268088 DWARF 0.01203046 0.003159679 149.764 1.8025 0.0623343 0.000696921
130.31025 -53.7203783055556 -25.291 22.682 15.769 15.727 12.72 12.116 11.887 93552710 15 14.4088 0.000208438016144766 08411447-5343133 5317904162322274688 tmgaia2 3274.0 157.0 4.78613 0.00653604 0.444826 0.013798 0.441002 0.0207153 5.01037 0.231031 DWARF 0.02048282 0.005229968 150.695 1.3525 0.0569023 0.000473141
130.229971666667 -52.5805678055556 -25.622 23.531 17.194 17.022 13.642 13.021 12.688 93630403 17 15.5158 0.000211579954123629 08405520-5234499 5318569676094904192 tmgaia2 3013.0 157.0 4.88642 0.00046381 0.337421 0.0109964 0.319667 0.020845 8.32111 0.270357 DWARF 0.008453478 0.002328591 152.034 2.0195 0.0710322 0.0008797415
128.798032083333 -53.4536322777778 -23.897 24.394 16.361 16.278 13.158 12.539 12.227 92580385 16 14.889 0.000212063873499041 08351153-5327129 5318143752776545280 tmgaia2 3177.0 157.0 4.82574 0.0041335 0.401005 0.0124642 0.392615 0.0206588 6.0886 0.247343 DWARF 0.01475921 0.003858368 153.407 1.64 0.0552934 0.000543514
130.701980416667 -53.0551075277778 -24.87 23.146 16.843 16.766 13.587 12.989 12.677 94104511 16 15.3602 0.000213065793445021 08424846-5303184 5318486834764273792 tmgaia2 3191.0 157.0 4.87842 0.00042073 0.34546 0.0110121 0.328961 0.0207087 7.97905 0.26026 DWARF 0.01114801 0.002922563 155.801 1.79 0.0665528 0.0007111915
129.233665 -52.5226594722222 -23.565 22.758 16.134 16.088 13.128 12.138 11.921 93011965 16 14.892 0.000213932937583955 08365607-5231215 5321212730245914752 tmgaia2 3378.0 123.0 4.75723 nan 0.432463 nan 0.39 nan 4.82189 nan DWARF 0.02193975 nan 155.84 1.2955 0.0901045 0.0006936855
129.4843125 -52.9515289444444 -23.731 23.735 12.492 12.559 10.736 10.174 10.011 93021329 12 11.8421 0.000214201997398088 08375623-5257055 5318185667356683392 tmgaia2 4567.0 126.844 4.5144 0.0991409 0.777142 0.0608668 0.72 0.087684 1.53402 0.451341 DWARF 0.2367115 0.01206869 149.4 0.6525 0.0722778 0.0105125
129.650394166667 -52.1107754444444 -24.972 23.59 12.479 12.546 10.813 10.206 10.058 93265597 12 11.8165 0.000214218783460965 08383609-5206388 5321600445535344000 tmgaia2 4546.0 120.158 4.48135 0.0947896 0.807278 0.060294 0.72 0.0877008 1.36856 0.38465 DWARF 0.25076 0.012503 150.228 0.575 0.0833424 0.01033177
131.563644583333 -53.7562583888889 -24.664 22.917 10.214 10.23 9.233 8.942 8.863 144997798 10 9.8181 0.000234380099698952 08461527-5345225 5318229274167094656 tmgaia2 6151.0 128.875 4.43217 0.0830735 1.08904 0.0499849 1.17 0.16048 0.905852 0.206305 DWARF 1.529549 0.06471845 149.73 0.5955 0.0546928 0.01045397
129.97104 -52.9657906666667 -24.35 23.896 11.615 11.661 10.343 9.887 9.793 93549309 11 11.1044 0.000236047005781883 08395305-5257569 5318545521198976000 tmgaia2 5312.0 126.817 4.58694 0.0818426 0.803684 0.0447387 0.91 0.115815 1.75301 0.407988 DWARF 0.4633381 0.0147046 151.773 0.552 0.0695487 0.00966552
130.536648333333 -52.7471178333333 -24.898 23.009 14.041 14.068 11.433 10.8 10.552 93912895 14 13.0122 0.000241453987624873 08420879-5244496 5318575482892257536 tmgaia2 3667.0 112.0 4.36454 nan 0.799761 nan 0.54 nan 1.05563 nan DWARF 0.1041979 nan 150.317 0.7795 0.088054 nan
130.57731875 -53.0324646944444 -23.47 23.345 13.114 13.164 10.743 10.08 9.886 93911997 13 12.1887 0.000248149284027174 08421855-5301569 5318498688873909632 tmgaia2 3842.0 122.929 4.19017 0.134224 1.02183 0.116412 0.59 0.0819943 0.552996 0.228256 DWARF 0.2049641 0.0249864 151.768 0.542 0.066174 0.00999081
130.18803625 -52.8144903611111 -23.968 22.534 15.216 15.186 12.235 11.651 11.42 93555508 15 13.8905 0.00025679369667394 08404513-5248521 5318554076773891328 tmgaia2 3310.0 157.0 4.71114 0.00940757 0.530131 0.0160487 0.527033 0.0204928 3.53743 0.183945 DWARF 0.03039297 0.007649696 155.476 1.188 0.0718293 0.000510013
128.6776675 -53.2840560277778 -23.815 24.172 16.105 16.024 12.864 12.278 12.045 92477888 16 14.6375 0.000257617147522774 08344264-5317025 5321150951435896064 tmgaia2 3182.0 157.0 4.81149 0.00484258 0.416622 0.0127647 0.410112 0.0205482 5.67121 0.237154 DWARF 0.01603171 0.004171432 148.39 1.408 0.0617887 0.0005408165
130.30154125 -53.1528028888889 -23.871 23.153 17.95 17.791 14.349 13.786 13.359 93554428 17 16.2758 0.000260924130920818 08411237-5309100 5318491022348593536 tmgaia2 3035.0 159.0 4.96441 0.00684915 0.266923 0.00962257 0.239392 0.020989 12.5879 0.254999 DWARF 0.005446299 0.001545067 155.702 3.1555 0.0647749 0.001217615
130.03970375 -53.6304909722222 -24.564 23.196 18.13 17.983 14.512 13.988 13.639 93551193 17 16.4704 0.000262884020168918 08400954-5337498 5318096125874244352 tmgaia2 3053.0 160.0 5.01049 0.0124763 0.232811 0.00865393 0.2025 0.0208051 16.0478 0.135341 DWARF 0.004242374 0.001213593 150.789 2.6045 0.0598977 0.000957652
131.47401125 -53.1682178333333 -25.347 23.31 16.812 16.715 13.585 12.95 12.715 144995898 16 15.3157 0.000265879891496472 08455376-5310055 5318308610805052672 tmgaia2 3146.0 157.0 4.89154 0.000494284 0.332343 0.0109329 0.313798 0.0208904 8.54851 0.273894 DWARF 0.009747711 0.002603698 151.05 1.7745 0.0747526 0.0008212515
130.814539583333 -52.6470429166667 -25.259 23.005 16.253 16.132 12.846 12.263 11.945 94103243 16 14.6943 0.000277585281631615 08431548-5238493 5318536037910263808 tmgaia2 3100.0 157.0 4.79268 0.00651163 0.4375 0.0138524 0.433077 0.0209242 5.17167 0.241514 DWARF 0.01592567 0.004261773 151.325 1.9325 0.105697 0.00126225
129.25941375 -52.7831527777778 -23.256 23.695 13.571 13.632 11.418 10.734 10.526 93012639 13 12.6492 0.000277855544303204 08370225-5246594 5321193729310746240 tmgaia2 3842.0 157.0 4.58201 0.0122842 0.684293 0.0203105 0.652267 0.0202751 2.03563 0.118181 DWARF 0.09191965 0.02057443 151.934 0.3415 0.0921934 nan
129.4648675 -53.7627180833333 -24.732 23.762 11.205 11.24 10.084 9.689 9.647 93016484 11 10.7449 0.00028036756015445 08375156-5345458 5318077507199948672 tmgaia2 5583.0 127.846 4.59465 0.0787155 0.830856 0.0411105 0.99 0.125458 1.72607 0.368487 DWARF 0.6042507 0.01932845 149.127 0.4895 0.0468976 0.01050191
130.670787916667 -53.5099570277778 -24.132 23.693 14.31 14.346 11.831 11.145 10.926 93836787 14 13.2252 0.000284109590893534 08424099-5330359 5318283012799031808 tmgaia2 3576.0 157.0 4.6436 0.0110912 0.609027 0.0181709 0.595392 0.0203255 2.63568 0.146157 DWARF 0.05464593 0.01292227 152.233 0.6125 0.0610894 nan
130.866083333333 -52.9599721666667 -24.198 24.351 13.282 13.347 11.087 10.43 10.277 94184691 13 12.4698 0.000286930592289443 08432785-5257358 5318510332522027008 tmgaia2 4023.0 120.911 4.42238 0.113565 0.808189 0.080201 0.63 0.0768994 1.19344 0.40121 DWARF 0.1541418 0.0129171 150.528 0.3315 0.0751156 0.01052199
129.65406125 -52.878441 -23.085 23.465 17.058 16.97 13.777 13.168 12.891 93267903 16 15.5536 0.000288523236561043 08383696-5252424 5318187007391037184 tmgaia2 3168.0 158.0 4.90707 0.00187246 0.317304 0.0104812 0.296452 0.0208357 9.27957 0.266439 DWARF 0.00913664 0.002441857 154.674 1.938 0.0764478 0.0008874945
130.5614825 -52.9339809444444 -24.684 23.393 10.437 10.48 9.206 8.769 8.648 93912319 10 9.9426 0.000294229004588765 08421476-5256024 5318500303781947776 tmgaia2 5453.0 126.903 4.18175 0.0766172 1.30925 0.0693668 0.95 0.119181 0.423306 0.092313 DWARF 1.365472 0.04632845 151.015 0.794 0.0776496 0.01058421
131.042511666667 -53.7260216111111 -25.054 23.871 11.891 11.946 10.426 9.976 9.823 144755455 11 11.3333 0.000294630927495836 08441019-5343337 5318267653995965568 tmgaia2 4949.0 133.753 4.53647 0.0937978 0.803606 0.0543316 0.81 0.100568 1.56083 0.417471 DWARF 0.3490202 0.0128081 149.115 0.6075 0.0488676 0.009542675
131.449788333333 -53.4307279444444 -26.092 23.475 10.092 10.107 9.144 8.856 8.763 144996772 10 9.7005 0.000301821462476961 08454794-5325507 5318296275658773888 tmgaia2 6198.0 139.962 4.40924 0.0883626 1.12769 0.0545427 1.19 0.171035 0.829815 0.199381 DWARF 1.690745 0.0748898 148.314 0.5655 0.0579354 0.009763095
129.943850833333 -52.3212166111111 -24.22 23.521 16.373 16.314 13.238 12.645 12.377 93275779 16 14.9642 0.000304729279849211 08394652-5219162 5321581959996214016 tmgaia2 3232.0 157.0 4.85156 0.0023788 0.373267 0.0117213 0.361022 0.0206809 6.94184 0.256098 DWARF 0.01369681 0.003542691 149.744 1.461 0.0760962 0.0006931255
129.973667083333 -53.3010168888889 -24.777 23.406 14.065 14.115 11.733 11.1 10.846 93550295 14 13.0604 0.000315029627129502 08395367-5318036 5318116127546214400 tmgaia2 3690.0 157.0 4.63263 0.0111438 0.622121 0.0183579 0.605774 0.0202101 2.51586 0.138991 DWARF 0.06464723 0.01488855 151.595 0.424 0.0720545 nan
129.087140416667 -52.6699832777778 -23.866 23.572 16.599 16.466 13.179 12.544 12.299 92827857 16 15.0152 0.0003185646744024 08362092-5240120 5321209809668118912 tmgaia2 3078.0 157.0 4.82901 0.00490128 0.397438 0.0131108 0.388585 0.0212402 6.18982 0.274249 DWARF 0.01277344 0.003471681 156.729 2.5125 0.100155 0.00148357
130.75168 -53.9021205833333 -23.293 22.849 10.854 10.886 9.755 9.376 9.254 94107183 10 10.4061 0.000323509116336771 08430040-5354076 5317884439832479872 tmgaia2 5682.0 130.614 4.45405 0.0748896 0.986663 0.0493644 1.01 0.128118 1.05151 0.2182 DWARF 0.914191 0.03229035 156.108 0.754 0.0484436 0.01002835
128.754968333333 -52.2337304444444 -24.522 24.358 11.849 11.906 10.355 9.852 9.764 92583560 11 11.2818 0.000324042400794984 08350120-5214014 5321280728169745536 tmgaia2 5017.0 130.344 4.53948 0.0879623 0.810644 0.052098 0.83 0.0995077 1.55807 0.387546 DWARF 0.3750867 0.01309955 145.871 0.5 0.0866487 0.00986252
131.05243 -53.6262016111111 -25.488 23.683 15.509 15.472 12.481 11.903 11.669 144755157 15 14.1652 0.000335377814833634 08441257-5337343 5318269371982962432 tmgaia2 3289.0 157.0 4.75727 0.00753259 0.477385 0.0144149 0.475266 0.0204547 4.36848 0.207888 DWARF 0.02402635 0.006073046 150.233 1.118 0.0527153 0.0003651195
130.910071666667 -52.8486506111111 -24.902 22.716 16.584 16.493 13.277 12.71 12.452 94185042 16 15.0846 0.000339447481900957 08433841-5250551 5318513459254598528 tmgaia2 3161.0 157.0 4.85485 0.00233103 0.369798 0.0117637 0.357037 0.0207833 7.06024 0.262579 DWARF 0.01230047 0.003246431 153.158 1.8615 0.088145 0.001000156
129.229125833333 -53.1428531111111 -23.957 23.785 11.299 11.337 10.119 9.734 9.616 93013696 11 10.8266 0.000356117698518982 08365498-5308342 5318176875565072768 tmgaia2 5379.0 122.617 4.51406 0.0826036 0.883582 0.0478518 0.93 0.121809 1.34816 0.306928 DWARF 0.588837 0.0200717 148.399 0.5405 0.0672547 0.00999043
130.29221875 -52.65587075 -25.158 23.506 15.19 15.176 12.335 11.67 11.45 93630147 15 13.9066 0.00036087714172346 08411014-5239211 5318557512747932672 tmgaia2 3358.0 157.0 4.7256 0.00888284 0.513507 0.0155428 0.511245 0.0204904 3.77563 0.191732 DWARF 0.03020718 0.007519375 150.568 0.997 0.0680305 0.0004202375
130.286878333333 -52.8107416388889 -23.79 23.255 17.012 16.867 13.524 12.904 12.646 93555522 16 15.3887 0.000362673121578111 08410885-5248386 5318552496225991680 tmgaia2 3057.0 157.0 4.87763 0.000647597 0.346256 0.0111997 0.329881 0.0208279 7.94631 0.2689 DWARF 0.009433461 0.002564977 154.038 1.926 0.0711798 0.0008280225
130.40328875 -53.9338610277778 -25.396 24.38 16.66 16.516 13.203 12.606 12.294 93835400 16 15.0587 0.000363651751505619 08413679-5356019 5317886329617953536 tmgaia2 3059.0 157.0 4.84348 0.0039325 0.381852 0.0126612 0.370857 0.021221 6.66072 0.281332 DWARF 0.01150278 0.003145161 148.423 2.5225 0.0605282 0.000953254
129.595455833333 -52.9466773611111 -25.244 24.232 10.757 10.782 9.767 9.404 9.363 93268096 10 10.3323 0.000364150697974769 08382290-5256480 5318186221414047104 tmgaia2 5979.0 131.933 4.55714 0.0787122 0.914451 0.0431156 1.1 0.143746 1.4385 0.310578 DWARF 0.962787 0.03702095 149.523 0.5325 0.0717226 0.00983221
130.4129225 -53.1565625833333 -25.678 23.876 15.808 15.761 12.589 12.0 11.714 93833197 15 14.3969 0.000365534524442913 08413909-5309238 5318490476885356928 tmgaia2 3261.0 157.0 4.77358 0.00726514 0.458934 0.0142964 0.456047 0.0207787 4.71801 0.226126 DWARF 0.02145845 0.005501563 145.229 1.171 0.0592655 0.000445766
129.676096666667 -52.5103231666667 -25.048 23.855 17.436 17.267 13.925 13.306 13.015 93266844 17 15.7731 0.000388837927347101 08384226-5230371 5321573370061907072 tmgaia2 3018.0 157.0 4.93422 0.00503862 0.292379 0.00959025 0.267946 0.0206516 10.7203 0.227093 DWARF 0.006389458 0.001760549 148.213 1.8785 0.0754621 0.000891217
130.044020416667 -53.1649259444444 -25.824 23.906 13.853 13.904 11.501 10.856 10.63 93549861 13 12.8481 0.000391981431941789 08401055-5309537 5318493260034937984 tmgaia2 3691.0 157.0 4.58447 0.0123985 0.681183 0.0203908 0.650027 0.0203639 2.05655 0.120463 DWARF 0.0775887 0.01793254 158.231 1.405 0.0662854 0.00984357
