DataInput/cluster_targets_tic.ecsv
# %ECSV 0.9
# ---
# datatype:
# - {name: RAJ2000, unit: deg, datatype: float64}
# - {name: DecJ2000, unit: deg, datatype: float64}
# - {name: pmRA, datatype: float64}
# - {name: pmDec, datatype: float64}
# - {name: R, datatype: float64}
# - {name: G, datatype: float64}
# - {name: J, datatype: float64}
# - {name: H, datatype: float64}
# - {name: K, datatype: float64}
# - {name: TIC ID, datatype: string}
# - {name: G Group, datatype: int64}
# - {name: Tmag, datatype: float64}
# - {name: dstArcSec, datatype: float64}
# - {name: TWOMASS, datatype: string}
# - {name: GAIA, datatype: string}
# - {name: POSflag, datatype: string}
# - {name: Teff, datatype: float64}
# - {name: e_Teff, datatype: float64}
# - {name: logg, datatype: float64}
# - {name: e_logg, datatype: float64}
# - {name: rad, datatype: float64}
# - {name: e_rad, datatype: float64}
# - {name: mass, datatype: float64}
# - {name: e_mass, datatype: float64}
# - {name: rho, datatype: float64}
# - {name: e_rho, datatype: float64}
# - {name: lumclass, datatype: string}
# - {name: lum, datatype: float64}
# - {name: e_lum, datatype: float64}
# - {name: d, datatype: float64}
# - {name: e_d, datatype: float64}
# - {name: ebv, datatype: float64}
# - {name: e_ebv, datatype: float64}
# meta: !!omap
# - comments: ['The following lines beginning with # are comments. Readable columns names and datatypes are provided as informational
#       comment lines in addition to the database column names.', If you want to re-upload this table import it as a Generic Table with
#       these header lines unmodified., 'RAJ2000, DecJ2000, pmRA, pmDec, R, G, J, H, K, MatchID, TESS Mag., dstArcSec, 2MASS ID, GAIA
#       ID, Source of Position, T_eff, T_eff Err., log(g), log(g) Err., Stellar Radius, Stellar Radius Err., Stellar Mass, Stellar Mass
#       Err., Stellar Density, Stellar Density Err., Luminosity Class from RPM, Stellar Luminosity, Stellar Luminosity Err., Distance,
#       Distance Err., E(B-V), E(B-V) Err.', '@ra, dec, float, float, float, float, float, float, float, string, float, float, string,
#       string, string, float, float, float, float, float, float, float, float, float, float, string, float, float, float, float, float,
#       float']
# - __serialized_columns__:
#     DecJ2000:
#       __class__: astropy.units.quantity.Quantity
#       unit: &id001 !astropy.units.Unit {unit: deg}
#       value: !astropy.table.SerializedColumn {name: DecJ2000}
#     RAJ2000:
#       __class__: astropy.units.quantity.Quantity
#       unit: *id001
#       value: !astropy.table.SerializedColumn {name: RAJ2000}
# schema: astropy-2.0
RAJ2000 DecJ2000 pmRA pmDec R G J H K "TIC ID" "G Group" Tmag dstArcSec TWOMASS GAIA POSflag Teff e_Teff logg e_logg rad e_rad mass e_mass rho e_rho lumclass lum e_lum d e_d ebv e_ebv
130.913960833333 -53.13212175 -24.171 23.908 16.413 16.318 13.144 12.545 12.281 94184079 16 14.9214 1.21818822951231e-05 08433935-5307556 5318505285944674432 tmgaia2 3152.0 157.0 4.82445 0.00422185 0.402408 0.0125077 0.394196 0.0206618 6.0494 0.246983 DWARF 0.01440034 0.003787518 157.995 1.535 0.0714889 0.000645741
131.257953333333 -53.5578578333333 -24.801 22.382 17.907 17.762 14.401 13.828 13.498 144757228 17 16.2957 2.68583369197422e-05 08450191-5333282 5318270604630115840 tmgaia2 3057.0 158.0 4.99674 0.0111068 0.242394 0.0087802 0.212674 0.0207865 14.9331 0.158803 DWARF 0.00462296 0.001299839 148.144 2.566 0.0509227 0.000822934
130.041682916667 -52.5865346388889 -24.516 23.473 16.921 16.744 13.308 12.751 12.465 93548114 16 15.2521 3.2881878016386e-05 08401000-5235115 5318571840758892288 tmgaia2 3007.0 157.0 4.85381 0.00303203 0.3709 0.0122315 0.358304 0.0211148 7.02233 0.280737 DWARF 0.01013309 0.002803606 154.668 1.9345 0.0756394 0.0008800905
130.308755833333 -52.6725948888889 -24.267 23.748 14.659 14.679 12.001 11.324 11.087 93630086 14 13.502 3.51592887597247e-05 08411411-5240213 5318557237870027776 tmgaia2 3488.0 157.0 4.66788 0.010465 0.580368 0.0173064 0.571768 0.0203238 2.92489 0.157912 DWARF 0.04491667 0.01082203 152.413 1.0215 0.0687186 0.0004292745
129.505093333333 -52.5338507222222 -24.78 23.777 15.752 15.705 12.728 12.122 11.864 93022865 15 14.376 3.70668114931733e-05 08380122-5232017 5321572442349020160 tmgaia2 3263.0 157.0 4.78829 0.0064556 0.442406 0.0137547 0.438392 0.0207366 5.0629 0.232877 DWARF 0.01998964 0.005120114 148.006 1.064 0.0795349 0.000532295
130.126296666667 -53.1919215555556 -24.512 23.191 17.581 17.456 14.184 13.589 13.294 93549955 17 15.9996 3.82190475571036e-05 08403030-5311308 5318492568536759936 tmgaia2 3093.0 159.0 4.95942 0.00617797 0.270959 0.00978463 0.24387 0.0210372 12.2588 0.268031 DWARF 0.006053709 0.001693862 153.832 2.4555 0.0652395 0.000965667
130.9959 -53.5621253888889 -25.953 23.996 11.526 11.571 10.199 9.761 9.675 94182717 11 11.0229 3.93190290123395e-05 08435902-5333436 5318272670517874560 tmgaia2 5316.0 134.985 4.58896 0.0812318 0.806213 0.0463115 0.92 0.1091 1.75565 0.404312 DWARF 0.4676649 0.01492335 148.589 0.5565 0.0568763 0.01013156
130.399849166667 -53.1574522777778 -24.609 22.857 16.793 16.684 13.434 12.886 12.612 93833201 16 15.2552 4.18395674152431e-05 08413595-5309268 5318490545615836032 tmgaia2 3123.0 157.0 4.87774 0.000418939 0.346142 0.0109327 0.329749 0.0206396 7.95098 0.255239 DWARF 0.01026813 0.002730554 151.582 1.5375 0.0619014 0.000583846
131.231489583333 -52.7782573055556 -24.98 23.762 16.811 16.697 13.482 12.876 12.618 144759807 16 15.2638 4.31410263672755e-05 08445554-5246418 5318517449291928960 tmgaia2 3112.0 157.0 4.89233 0.00108768 0.331567 0.0105228 0.312901 0.0206212 8.58407 0.250891 DWARF 0.009289571 0.002479942 144.031 1.524 0.0833427 0.0008283615
130.596480416667 -53.6885424166667 -25.281 22.417 15.317 15.294 12.38 11.764 11.508 93836256 15 14.0157 4.46029762485981e-05 08422316-5341188 5318277412161521024 tmgaia2 3331.0 157.0 4.73072 0.0087652 0.507642 0.0154361 0.505557 0.0205401 3.86454 0.195737 DWARF 0.02858303 0.007167234 152.126 1.0675 0.0518539 0.0003374265
130.168609166667 -53.3807270833333 -24.92 23.482 17.287 17.144 13.791 13.153 12.846 93553696 17 15.6714 4.53453260830998e-05 08404046-5322507 5318112004377552768 tmgaia2 3061.0 158.0 4.90621 0.00188167 0.318129 0.0104513 0.297402 0.0208023 9.23707 0.263364 DWARF 0.008004875 0.002193317 151.987 2.1065 0.0768036 0.000987003
128.779717083333 -53.0736314444444 -23.438 23.922 15.618 15.574 12.56 11.923 11.689 92581404 15 14.2497 4.74083699293366e-05 08350713-5304252 5321172323192731008 tmgaia2 3271.0 157.0 4.75534 0.00765189 0.479577 0.0145093 0.477513 0.0204766 4.32923 0.207468 DWARF 0.02372103 0.006024053 152.596 1.2095 0.0637135 0.0004656455
129.419080416667 -53.7660826944444 -24.164 24.607 17.436 17.307 13.98 13.359 13.084 93016462 17 15.8359 4.98031622188282e-05 08374058-5345579 5318079014723994624 tmgaia2 3085.0 158.0 4.94636 0.00640578 0.281847 0.00929314 0.256048 0.020623 11.4362 0.208205 DWARF 0.006482495 0.001767166 146.387 1.9185 0.0460536 0.000557772
130.764724583333 -53.4492273611111 -25.217 22.565 16.857 16.794 13.649 13.068 12.774 94105777 16 15.3945 5.0692353813552e-05 08430352-5326571 5318289472429930112 tmgaia2 3223.0 158.0 4.88806 0.000471221 0.335795 0.0110769 0.317787 0.0209308 8.39293 0.277182 DWARF 0.01096186 0.002890661 157.224 2.011 0.0629536 0.00074667
129.920851666667 -52.1953754444444 -24.889 23.803 15.469 15.443 12.551 11.908 11.694 93276234 15 14.1356 5.07731324921394e-05 08394100-5211432 5321618724917007104 tmgaia2 3320.0 157.0 4.75439 0.00793475 0.480649 0.014754 0.478609 0.0206348 4.31019 0.211283 DWARF 0.02528734 0.006371759 153.426 1.2455 0.0743441 0.000562868
130.46478875 -53.3498846111111 -24.575 23.304 14.694 14.708 12.049 11.392 11.179 93833806 14 13.5161 5.2261472322585e-05 08415154-5320597 5318476423763513344 tmgaia2 3461.0 157.0 4.6792 0.0103908 0.56714 0.0171424 0.560414 0.0204711 3.07212 0.166588 DWARF 0.04157973 0.01011172 153.629 0.8395 0.0688829 nan
129.95181625 -53.2328803055556 -24.771 24.088 16.944 16.843 13.666 13.041 12.777 93550090 16 15.4278 6.4815687801413e-05 08394843-5313583 5318117639374581760 tmgaia2 3140.0 157.0 4.90402 0.00190991 0.320212 0.0103731 0.2998 0.0207159 9.13101 0.255566 DWARF 0.008980252 0.002392982 148.423 1.944 0.0661792 0.000805032
130.491035 -52.8705391666667 -25.728 22.695 12.771 12.84 11.095 10.401 10.27 93832296 12 12.0639 6.69163833453959e-05 08415784-5252139 5318504426950057728 tmgaia2 4396.0 125.743 4.48575 0.0959342 0.78629 0.0671407 0.69 0.0796499 1.41939 0.42759 DWARF 0.2080134 0.01245317 151.314 0.667 0.085784 0.01014791
130.945227916667 -52.8478241388889 -25.031 23.385 13.389 13.454 11.307 10.658 10.47 94185045 13 12.5159 7.64809410511682e-05 08434685-5250521 5318513532282032512 tmgaia2 3937.0 157.0 4.5754 0.0123266 0.692699 0.0204731 0.65829 0.020233 1.98054 0.114927 DWARF 0.1038593 0.02280551 150.995 0.3595 0.0873455 nan
129.496599583333 -53.36538375 -23.316 23.607 18.107 17.95 14.487 13.884 13.656 93018819 17 16.4243 7.69069054096849e-05 08375918-5321554 5318158213924945152 tmgaia2 3037.0 160.0 5.00883 0.0109162 0.233937 0.00918609 0.203687 0.0210491 15.9099 0.224478 DWARF 0.004194418 0.001222624 152.834 3.1935 0.0688486 0.00132875
130.890577083333 -53.2330156388889 -25.616 23.362 15.416 15.392 12.47 11.862 11.607 94183782 15 14.1136 7.74175827398274e-05 08433373-5313588 5318293526879324288 tmgaia2 3328.0 157.0 4.7477 0.00797515 0.488256 0.0147612 0.48633 0.0204721 4.17819 0.20326 DWARF 0.02634651 0.006601579 150.681 0.8735 0.0636496 0.0003439525
130.03421125 -53.29469625 -24.769 24.078 14.862 14.87 12.134 11.502 11.26 93550269 14 13.6559 7.79202328015506e-05 08400821-5317408 5318116299344817024 tmgaia2 3433.0 157.0 4.69922 0.00954619 0.543889 0.0162209 0.539725 0.0203297 3.35461 0.174001 DWARF 0.03701779 0.009027625 149.921 0.7125 0.0714462 0.000315129
131.0193575 -53.000458 -24.317 23.636 17.031 16.917 13.684 13.075 12.81 94184554 16 15.4912 8.31448683221349e-05 08440464-5300016 5318508309601658496 tmgaia2 3113.0 157.0 4.90293 0.00129254 0.321262 0.010698 0.301011 0.0209168 9.07829 0.275234 DWARF 0.008732325 0.002358503 151.306 1.705 0.0686138 0.0007221055
130.704308333333 -52.8710483888889 -25.676 23.772 16.12 15.991 12.703 12.13 11.878 94103916 15 14.5474 8.48303598418359e-05 08424903-5252157 5318524183800706048 tmgaia2 3084.0 157.0 4.77629 0.00734577 0.455873 0.014389 0.452808 0.0209202 4.7795 0.23194 DWARF 0.01693713 0.004547147 155.188 1.893 0.0903198 nan
129.3168925 -52.3610140277778 -24.334 23.266 17.001 16.885 13.735 13.103 12.78 93011540 16 15.4575 9.59140864088798e-05 08371605-5221396 5321589862736049920 tmgaia2 3111.0 157.0 4.89897 0.00121046 0.32508 0.0106358 0.305412 0.0208107 8.89028 0.266041 DWARF 0.00891816 0.002399256 151.426 1.726 0.0861019 0.0009122355
129.635898333333 -52.9351978333333 -24.737 23.073 15.754 15.719 12.724 12.076 11.875 93268062 15 14.3783 0.00010166175244037 08383261-5256067 5318186565011453056 tmgaia2 3293.0 157.0 4.76731 0.00748111 0.466008 0.0144342 0.46348 0.0207233 4.57985 0.220977 DWARF 0.02300639 0.005846335 159.741 1.7885 0.0758849 0.000784842
130.15621125 -53.1285330833333 -25.793 23.173 15.792 15.758 12.786 12.199 11.952 93554492 15 14.4419 0.00010182293533469 08403748-5307427 5318493569273146496 tmgaia2 3296.0 157.0 4.79243 0.00576983 0.437773 0.0132362 0.433374 0.0204416 5.16554 0.224985 DWARF 0.02037706 0.005143883 151.942 1.087 0.0631974 0.000419896
130.173964166667 -53.1429925555556 -24.04 23.522 17.263 17.164 13.906 13.334 13.044 93554453 17 15.7321 0.0001026094274097 08404175-5308348 5318492744638910848 tmgaia2 3144.0 157.0 4.93146 0.00379143 0.294835 0.0101417 0.270736 0.0209544 10.5635 0.270983 DWARF 0.007652141 0.00206842 151.734 2.078 0.0631774 0.00080362
131.1089975 -52.7089798611111 -24.868 23.376 11.268 11.306 10.018 9.621 9.588 144752281 11 10.7944 0.000103692884349887 08442615-5242323 5318521671232021632 tmgaia2 5257.0 106.09 4.39084 0.079192 1.00169 0.0506282 0.9 0.108608 0.895456 0.197584 DWARF 0.6904181 0.0239997 151.412 0.5815 0.0966099 0.01037426
129.853388333333 -53.5353796944444 -24.296 22.49 15.703 15.666 12.7 12.077 11.866 93272005 15 14.3553 0.000104440148902943 08392481-5332074 5318104307796222464 tmgaia2 3290.0 157.0 4.78348 0.0063788 0.447796 0.0136376 0.444193 0.0205253 4.94688 0.22351 DWARF 0.021166 0.005359993 150.604 1.162 0.0650323 0.000464358
130.633956666667 -53.8610631111111 -25.228 22.775 17.236 17.107 13.831 13.299 12.988 93835716 17 15.6698 0.000109834723124776 08423215-5351398 5317887802784122880 tmgaia2 3085.0 157.0 4.91657 0.00301648 0.308378 0.0101192 0.286199 0.020741 9.75928 0.252345 DWARF 0.007760365 0.00210276 156.175 2.0385 0.0477266 nan
129.865955 -52.5496225277778 -24.066 22.422 16.663 16.587 13.513 12.891 12.582 93275001 16 15.2109 0.000116429056848888 08392784-5232586 5321575122408647552 tmgaia2 3193.0 157.0 4.87294 0.000726211 0.351031 0.0111291 0.335399 0.020687 7.75399 0.258826 DWARF 0.01153935 0.003019642 152.171 1.367 0.0737168 0.0006163585
130.1960225 -52.8086188333333 -24.279 23.821 17.397 17.29 13.976 13.393 13.099 93555536 17 15.8248 0.00011873723306391 08404704-5248310 5318554076773894400 tmgaia2 3129.0 157.0 4.93137 0.00439562 0.294907 0.00982971 0.270817 0.0207604 10.5589 0.244915 DWARF 0.007510816 0.002021179 155.672 2.5145 0.0718339 0.001078155
130.371495833333 -53.2728526388889 -24.837 22.4 17.289 17.17 13.936 13.368 13.055 93833575 17 15.7348 0.000118812726353164 08412915-5316223 5318477759489411072 tmgaia2 3105.0 157.0 4.93507 0.00498394 0.291628 0.00964319 0.267094 0.0206939 10.769 0.232342 DWARF 0.007121961 0.001923938 150.5 2.052 0.0695428 0.000881365
129.907968333333 -53.00092825 -25.008 22.302 15.547 15.516 12.589 11.936 11.693 93273595 15 14.2073 0.00012525125884943 08393791-5300033 5318544971443141632 tmgaia2 3304.0 157.0 4.7605 0.00777851 0.473719 0.0146492 0.47149 0.0207118 4.43517 0.216821 DWARF 0.02409331 0.006104518 150.28 1.1235 0.067553 0.00046921
129.744742083333 -53.0235257222222 -24.754 22.562 15.871 15.832 12.788 12.155 11.936 93268298 15 14.5029 0.000134030042301259 08385874-5301247 5318182197023848448 tmgaia2 3283.0 157.0 4.78606 0.00792461 0.444901 0.0149767 0.441083 0.0216417 5.00876 0.260315 DWARF 0.02071596 0.005390155 154.17 1.5665 0.0693523 0.000652771
130.44678 -52.5548709722222 -24.921 22.008 16.397 16.316 13.2 12.596 12.322 93831298 16 14.924 0.000134973254716005 08414722-5233175 5318581530206048256 tmgaia2 3182.0 157.0 4.84401 0.00301159 0.381294 0.0120025 0.370219 0.0207265 6.6785 0.256651 DWARF 0.01342812 0.003517004 150.064 1.628 0.0745589 0.0007558505
129.761735416667 -52.7106953055556 -23.712 23.825 10.663 10.697 9.153 8.935 9.0 93267406 10 10.208 0.000135280929054309 08390282-5242384 5318565656005527936 tmgaia2 5803.0 124.7 4.40203 0.0733772 1.063 0.0479724 1.04 0.128789 0.865831 0.175936 DWARF 1.154442 0.04054265 153.201 0.5755 0.0902654 0.009962955
129.313372083333 -53.3384371111111 -24.019 23.068 13.398 13.462 11.268 10.546 10.425 93014257 13 12.5155 0.000135619980274044 08371520-5320183 5318170828251553792 tmgaia2 3927.0 157.0 4.56749 0.0123921 0.702863 0.0206877 0.665521 0.0201924 1.91668 0.111277 DWARF 0.1058473 0.02325936 151.416 0.337 0.0658302 nan
130.404955833333 -52.2121744722222 -26.043 23.356 15.877 15.838 12.914 12.288 12.025 93830111 15 14.5294 0.000145263361859055 08413718-5212438 5318607540527504768 tmgaia2 3283.0 157.0 4.80622 0.00535166 0.422439 0.0130869 0.416564 0.0206679 5.52573 0.239455 DWARF 0.01867696 0.004757381 149.776 1.3345 0.0700102 0.0005841565
129.325736666667 -52.9324635555556 -24.49 22.993 17.842 17.822 14.513 13.861 13.495 93013088 17 16.4132 0.000147058938432667 08371818-5255568 5321188059954151168 tmgaia2 3338.0 165.0 4.98662 0.00892991 0.24977 0.00935916 0.220612 0.0210132 14.1582 0.239078 DWARF 0.006977833 0.001915596 153.244 2.978 0.0745947 0.001341215
129.48692875 -52.9318475277778 -25.007 23.998 16.481 16.376 13.175 12.605 12.283 93021434 16 14.9528 0.000147834674379102 08375686-5255547 5318185706017892736 tmgaia2 3133.0 157.0 4.83829 0.00365615 0.387412 0.0123522 0.377201 0.0208646 6.48715 0.261587 DWARF 0.01302814 0.003463967 150.471 1.6225 0.0737201 0.0007371725
130.116170416667 -53.6934932222222 -24.65 24.078 17.078 16.961 13.782 13.172 12.896 93551386 16 15.5328 0.000150002405241157 08402789-5341365 5318092591125652608 tmgaia2 3108.0 157.0 4.91928 0.0038383 0.305873 0.00975825 0.283329 0.0205521 9.90074 0.228234 DWARF 0.007865041 0.002104403 148.212 1.4345 0.056266 0.000504767
130.627865416667 -52.9595780277778 -24.917 22.856 13.573 13.633 11.391 10.707 10.516 93912230 13 12.6486 0.000153489392005127 08423068-5257345 5318500063263771008 tmgaia2 3834.0 157.0 4.58219 0.012212 0.684064 0.0202294 0.652102 0.0202366 2.03716 0.117707 DWARF 0.09109543 0.02040135 151.155 0.406 0.0744502 nan
130.463975 -52.8188834166667 -23.725 22.833 17.069 16.958 13.717 13.128 12.869 93832146 16 15.5082 0.000154156008241763 08415135-5249079 5318551740311805440 tmgaia2 3120.0 157.0 4.89761 0.00052083 0.326409 0.0113699 0.306946 0.0212992 8.82624 0.309149 DWARF 0.009095726 0.002480969 158.561 2.3775 0.090423 0.00125985
130.283712916667 -53.9790501944444 -24.943 22.716 17.09 16.967 13.693 13.168 12.829 45404408 16 15.5373 0.000157614511335641 08410809-5358445 5317891964614977792 tmgaia2 3097.0 157.0 4.89998 0.00113437 0.324108 0.0107083 0.304291 0.0208764 8.93758 0.2719 DWARF 0.008706409 0.002356109 154.309 1.9625 0.0663562 0.0007789325
130.1701625 -53.2254642777778 -24.98 22.85 17.229 17.106 13.681 13.113 12.788 93554205 17 15.6088 0.000161424817216312 08404084-5313317 5318492224939330944 tmgaia2 3097.0 158.0 4.89105 0.000589044 0.332831 0.0115096 0.314362 0.0212915 8.52626 0.306439 DWARF 0.009181361 0.00252567 156.5 2.9535 0.0686304 0.001199455
130.813044583333 -52.9730315277778 -24.445 23.757 17.804 17.601 14.064 13.486 13.129 94104238 17 16.0419 0.000164008132413461 08431512-5258228 5318510989661480832 tmgaia2 2971.0 158.0 4.9485 0.00409104 0.280033 0.0104698 0.254009 0.0213448 11.567 0.32328 DWARF 0.005504574 0.001594498 148.299 3.472 0.073297 0.00160342
129.744778333333 -53.3201796944444 -24.896 23.0 13.021 13.078 10.774 10.046 9.849 93269120 13 12.1363 0.000173556412277447 08385874-5319126 5318162238316886528 tmgaia2 3922.0 123.5 4.23277 0.126403 0.989265 0.105568 0.61 0.0834951 0.630074 0.247149 DWARF 0.2086174 0.0204945 150.785 0.5145 0.0684874 0.01001021
128.57562375 -52.2660407777778 -23.474 23.069 11.962 12.017 10.511 10.029 9.938 92475268 12 11.4032 0.000177501389170374 08341815-5215576 5321275295028390912 tmgaia2 5102.0 133.285 4.5746 0.0877099 0.792472 0.0501709 0.86 0.105575 1.72801 0.428791 DWARF 0.3833759 0.0129698 154.585 0.592 0.0965167 0.01064412
